630299.666838
164176.971040
895320.380834
437793.859133
306828.105767
16424.891306
56331.958104
633202.705644
674861.256019
707773.904680
860611.582833
142828.924759
168154.175635
966727.748229
975565.458903
927763.536953
577177.584269
301019.811425
257333.854260
790564.211469
713927.892712
669374.074562
654999.467399
790852.741933
408943.389553
484699.993111
784132.890094
245352.651356
570063.783471
934295.940142
114145.416812
316522.217827
804789.860934
217429.202583
821238.254565
223422.723320
942563.234901
34330.860970
73246.178505
39324.439753
278273.904992
622879.046684
343382.972837
754530.860210
881481.796265
710411.679440
342186.683726
825270.462504
292628.539451
879599.122194
870494.077429
232480.028032
388548.265926
800779.499786
339586.673952
254100.915620
244971.228588
247114.456892
441718.593049
887054.147071
930191.319331
815546.846303
889389.037645
7564.211897
748250.071972
234233.247810
330574.954355
509354.232307
557094.271262
707347.368440
572789.561679
880908.268337
236031.431990
710720.496456
597118.417904
725755.473729
692924.050835
414444.810202
351692.420261
482649.729014
89154.885057
121614.963810
61752.925602
804003.052919
921571.846053
329788.918610
818157.538321
941498.739408
613384.802442
133744.220602
8276.639215
771441.764781
876075.087598
22049.373872
720613.986751
19014.206883
913286.067988
849097.062394
818525.448331
996410.472183
442232.586679
228792.841192
722574.009444
663988.433018
111006.040186
255348.691658
520661.714088
285576.016672
609274.608383
153804.070983
270037.113500
637562.728089
812330.397865
468150.220291
598974.916690
750382.614120
543000.027594
561746.835330
178219.993511
553367.134470
430568.625953
727910.758049
441874.308005
198782.159041
796413.064094
976271.763170
460850.213591
721900.838719
241102.100460
534348.609813
436390.937036
343008.823872
327147.388817
516813.105737
466504.791097
887246.194199
296683.865159
840050.454503
121177.113105
699054.440441
524042.404140
653091.994574
990712.569150
426650.825683
734597.016154
23810.011130
628390.673618
165637.355303
877943.903001
878984.985935
952503.515713
153854.441003
646775.620291
515009.899295
441507.185728
510315.911698
342694.772950
713784.385221
845138.171188
104699.982661
320836.556728
709046.756284
163538.142685
797724.459937
68379.119328
799908.842223
224694.480442
901471.477669
254486.139729
513677.486877
594466.495013
507984.290826
52841.690044
739269.326617
995819.551918
11850.229976
321136.810318
524186.415568
660590.921707
406667.566006
497518.825751
755193.901566
813389.922179
905041.798030
711428.419242
978607.652423
132418.663493
521237.715491
349608.518114
853009.762199
379419.577055
377705.774102
824739.709123
741649.122961
400567.259044
928006.394451
4668.019022
258087.776154
569350.639338
661769.972254
295400.854062
366748.503643
541497.791788
390366.577261
766903.939662
900558.474493
730255.541878
231343.904623
198326.399435
858428.822085
629109.936875
208404.951246
366293.197050
282999.349414
787359.886012
756236.576385
339515.848770
914887.555988
549970.885697
128400.611371
454102.633198
971939.753694
168665.720347
284897.344436
798516.725992
21090.982133
54483.146380
577372.564068
377957.813794
69415.640375
410386.314054
6940.518712
458409.488939
739523.721440
915118.176928
481271.055096
394446.268949
699288.091794
849155.912384
25343.361778
273551.051201
605702.655665
522131.816620
67449.273854
96175.015693
345830.584639
796082.744446
163691.049657
876558.201159
236995.542956
591457.718375
193295.281425
718765.746035
368873.141311
141753.352502
73288.609701
412559.280483
603374.819575
255821.810012
152833.027531
325157.049050
974278.013899
209671.702053
89923.541828
387357.412009
73914.341792
65002.213469
956119.944829
168645.655000
229514.716269
237078.680410
802651.020298
523995.918928
827500.563328
577974.236135
805497.120311
917031.891997
145327.842790
225657.281277
223968.826139
717498.749988
640681.518542
992011.966991
535601.949627
648087.873383
184231.582983
673468.912204
72966.646559
316786.410740
88616.347122
766277.939633
273428.594211
143494.122727
547339.766762
382394.473165
289312.264528
484130.957196
744530.012685
706901.046014
877695.022891
26164.436241
491855.365095
698458.576213
632737.395999
549612.577563
594181.890982
54932.276236
652635.416278
333342.552187
84323.579523
818220.183271
71939.610385
485361.214657
252906.523768
679500.024392
215058.485751
359253.312573
985366.714220
472653.849050
360480.966134
996729.711257
817274.389321
914798.237470
224902.417507
658515.288022
213019.843162
759237.927808
345119.405732
827125.933282
727966.981571
508095.542256
287921.997301
48098.451227
121256.119719
815097.772946
945466.797222
22082.875010
199123.662860
596816.843904
457580.875459
293669.070795
722011.491728
985565.096113
385599.980824
956149.735934
702565.001438
450377.423607
611729.535935
221618.350614
260256.429286
457966.696307
400268.485446
846466.588736
966992.116823
944856.928835
907453.964706
952749.306398
584366.122571
133904.774057
985928.700413
246944.109281
944276.364224
770283.346103
912646.388200
439902.787323
361523.577176
407626.404252
123245.726861
925894.935189
307227.818137
125222.979031
423889.150055
897422.001298
198572.799028
436772.785185
222777.287032
36983.915047
272754.974665
813905.282741
289989.858826
790623.765187
729471.321473
957204.304915
86518.837916
462515.299004
466064.365079
574059.055460
375704.841996
388485.203914
449487.834219
520821.452018
169683.656788
190709.747959
779918.079480
594169.256339
55530.633669
48729.295451
939057.830841
579725.365184
537803.649976
459525.167119
552039.528400
242322.184802
682409.436733
626081.157116
122112.613345
915381.267039
186548.151446
886523.018053
507296.083860
447589.482645
817420.698691
257012.905698
360153.719847
655094.896511
476933.241875
892874.908422
811342.261856
785154.954685
834817.245020
870776.743976
908333.210534
721982.058373
426037.236085
864985.176435
727846.299780
366163.316662
414151.611968
971948.736139
660764.752766
760067.377054
735276.222899
136833.912855
704042.305644
576988.068961
993462.897671
452036.480931
356536.993468
565580.845902
850800.949133
467225.179059
859384.941578
758635.060652
884997.229268
885419.152819
749109.467674
764479.490951
854787.113434
304453.852913
620458.906691
782105.825680
36508.189542
144679.654480
184701.984037
603733.575799
569601.337754
925175.368777
530908.924002
180087.861719
724510.312314
567330.895107
827887.112039
197137.079020
767237.875907
621667.805339
40579.011776
817445.688858
237527.409961
786971.611412
3116.271817
385400.230937
420385.645964
206308.331860
786969.377196
1092.964971
390289.073846
738143.962289
315187.170112
427714.223976
891721.882943
64645.831361
8655.446124
532558.299502
75768.711047
70786.295920
951737.377605
973172.096066
426105.475993
148484.038832
42064.411079
900790.584730
398706.724647
677432.222273
331968.650605
952282.407090
869100.014314
58492.700008
192608.757846
655726.992516
883790.861467
43368.349182
820955.755883
413240.084622
413053.423564
299169.529137
171168.354421
466281.156700
820270.085574
278869.691815
448670.684209
261262.246197
35783.363956
857774.603863
15322.953374
839189.292639
331935.221986
545541.589136
261755.288833
764280.105979
601061.720971
50560.777086
733804.028834
396979.998734
981520.936001
351384.386675
692573.123704
552732.711841
102337.656404
553724.175950
172308.735218
528780.162519
32712.390805
210045.545711
175203.714687
274284.977945
610944.420600
600100.695166
488598.787600
592792.639456
120893.618580
390677.495594
25849.312338
26992.187271
784115.640095
325315.068224
335421.631217
940082.184133
167501.345278
326371.343081
509766.942861
304687.241062
556224.426428
755936.124295
488243.557673
811965.182277
405578.652160
179231.821997
204781.211920
48257.117991
573753.372921
155590.105953
847531.497185
658089.549104
321989.002869
85990.072646
808938.298824
952194.919901
185788.057690
574081.645871
855610.458782
377139.383844
933833.837622
691123.469476
247542.880167
925945.518338
654980.442868
851205.815848
126580.894330
347900.446415
437798.884851
477971.516321
593588.108371
75.017269
253845.680905
225428.996365
502012.404189
482600.725907
461529.767155
603475.430770
918740.557012
484716.476912
832099.773487
382637.667797
36961.012482
474844.727871
458543.554447
606937.612994
290897.611266
842319.478518
444241.466103
407861.816673
469656.006858
518502.014530
359425.602952
593224.769488
390767.548861
186250.297136
568818.632949
817242.487291
523315.515499
761830.044346
422394.201772
366993.111326
138126.798869
738809.185765
556392.580343
111079.724530
789636.506242
42954.675029
559130.145167
199003.425537
560907.097674
76476.847585
409268.265402
440804.408004
370669.030603
534557.443475
492973.176656
597045.717425
713257.774647
315714.993361
987825.685714
823789.349222
612593.210148
490155.250453
914015.222541
831686.935921
709051.296044
831380.556451
45401.833817
560425.774264
900229.668287
15838.896011
491588.130818
821554.777892
64847.460329
557282.260847
271178.144975
505943.829075
140691.295033
97752.407472
266970.309452
305684.978594
652586.082398
536640.360319
288566.197290
393654.637849
545078.140375
101675.067496
835285.586746
358559.035734
167156.314952
644044.719129
138447.932560
209894.177310
204286.754191
785650.585397
809532.286955
78307.309027
833337.002122
191141.350174
185498.767006
530013.635771
907723.174963
601592.653674
734499.315037
371988.301582
78284.187312
796638.989694
568284.026101
674284.154105
126589.291808
972549.478802
274352.336024
865205.398436
774180.410909
207608.194027
509031.016339
95035.271407
846818.451053
764884.455404
179700.149766
634295.955189
38008.945859
690513.164194
207305.046498
988356.289417
264293.481462
780247.625430
307590.519469
488517.411656
325360.039731
975280.663136
611685.871658
261201.337376
79650.728093
814138.907803
899793.289897
408884.876757
2051.312595
531378.291227
507786.476755
538724.051238
880657.645912
408587.653943
982641.916899
142501.777948
186498.527134
153743.628837
908010.817276
521753.123265
133419.356086
446633.864832
410315.792121
177766.403271
115149.389762
972745.220043
379982.562019
763192.896515
457417.144933
894532.718683
272015.439594
396287.400446
879315.238527
419385.363002
81652.988593
672714.848948
659010.971350
685735.733814
609691.950681
552519.570430
358883.467325
305219.911005
785437.310976
84787.463532
522841.937915
191182.898405
770608.126049
839308.945118
692170.507150
533168.687462
144025.865194
834489.908931
781448.316939
499428.889146
285312.999312
941160.676222
150068.415013
778804.891891
868137.185387
575415.331067
458274.961496
711521.936688
475810.136073
358594.244840
866348.580603
218510.717533
261166.281580
726683.386350
934196.871300
367309.497512
139472.109797
125064.049089
64697.908783
484842.285177
9759.686688
517775.698449
558769.113638
300461.316945
57554.231615
721726.886044
729417.783569
22849.986493
46488.587226
289673.662306
745782.745939
617498.775511
110390.861835
514812.237024
521808.016080
634133.995074
210505.514066
428588.377474
451787.164695
398771.253640
39286.632110
591471.579737
258150.666984
207304.087609
411389.577797
461997.158768
32988.845580
474794.835165
280485.630257
939158.825719
580774.579022
937416.771857
435078.819354
428570.867020
633220.765216
945305.794354
700277.396095
930043.184791
590380.525747
303384.201122
650410.611707
515131.710110
73083.377696
129210.983028
696084.964981
678520.036897
387665.495819
626770.352364
930763.331849
344498.640260
795700.965708
111295.008336
899837.044085
179334.789522
57101.340553
56131.241425
672847.239607
56449.816779
925714.713735
809521.644368
296397.042142
780561.941720
687458.464821
617698.769756
85517.303125
911406.205414
489484.260280
249346.769166
881059.416828
507485.342944
785283.159508
354133.817818
421097.293828
458183.275334
787153.455813
673345.213247
113123.299980
660210.579777
66699.203371
143250.575730
458492.360218
406546.011171
255576.856944
97074.961566
730179.456491
511059.422865
133018.678853
768678.229129
72769.659363
122819.215777
817711.397518
926606.146399
129609.432211
496674.146843
150963.157575
248226.191187
99067.976453
496530.632315
322144.990348
391963.983528
832276.867073
382889.308128
931111.936647
905259.039722
905421.144935
584686.378008
873053.075018
579075.361700
757532.616786
683887.265785
637280.856209
2326.793390
406710.956308
300973.289477
373886.817954
995550.377228
249382.981782
576485.447514
354259.613655
434544.003080
193906.169424
943233.928096
814099.820753
198311.848998
139483.748083
753597.264211
920861.867411
839045.601809
461304.071068
762663.936955
45439.930109
340281.849940
532344.747933
696127.425765
607526.192672
4746.819082
500666.110656
640080.332641
162535.985397
442103.937611
937836.496814
386576.447939
256727.446215
532272.087264
550903.000852
320195.339971
544950.534927
277372.198775
991376.002266
840206.594333
501057.267056
602180.001187
432281.100602
817877.150171
408836.402165
482979.072534
972873.792467
868942.380315
88893.175449
445756.426641
348420.816038
672726.755244
563984.579468
992184.238759
962369.695553
547830.653962
369346.682224
605089.512596
566576.214641
1025.869242
66950.181742
63790.140319
951248.346562
753398.245304
218510.239332
77488.697208
299350.427134
253287.442982
562857.783493
222538.480495
898133.304157
505775.965833
960487.766975
861358.242110
568296.814351
598421.879421
460184.498167
424334.518743
587961.255540
742832.525877
489112.766000
562029.774161
416253.611222
46963.133676
700830.755815
130394.986647
42855.084181
447704.661914
996043.776925
451120.154632
870635.917783
966323.168462
872751.378842
712065.350097
933738.071068
849188.296834
839288.490267
172194.693892
609566.347800
357947.991840
641003.117270
717653.931191
725803.011921
865791.872389
220900.148473
907875.224679
621965.485834
656479.808207
26449.383163
805969.620976
77636.830789
33581.569224
536911.804290
69871.723168
196861.917168
